911 225
911 225
911 225
911 225
911 225
911 225
911 225
911 225
911 225
911 225
911 225
911 225
911 225
911 225
911 225
911 225
911 215
911 215
911 215
911 215
911 215
911 215
911 215
911 215
911 215
911 215
911 215
911 215
911 215
911 215
911 215
911 205
911 195
911 185
911 175
911 165
911 155
911 145
911 135
911 125
911 115
911 115
901 115
901 115
901 115
901 115
901 115
901 115
901 115
901 115
901 115
901 115
901 115
901 115
901 115
901 115
891 115
881 115
871 115
861 115
851 115
841 115
831 115
821 115
811 115
801 115
791 115
791 115
781 115
771 115
761 115
751 115
741 115
731 115
721 115
711 115
701 115
691 115
681 115
671 115
661 115
661 115
651 115
641 115
631 115
621 115
611 115
601 115
591 115
581 115
571 115
561 115
551 115
541 115
531 115
521 115
511 115
501 115
491 115
481 115
471 115
461 115
451 115
441 115
431 115
421 115
411 115
401 115
391 115
381 115
371 115
361 115
351 115
341 115
331 115
321 115
311 115
301 115
291 115
281 115
271 115
271 115
271 115
271 125
271 125
271 125
271 125
271 125
271 125
271 125
271 125
271 125
271 125
271 125
271 125
271 125
271 125
271 125
271 135
271 145
271 155
271 165
271 175
271 185
271 195
271 205
271 215
271 225
271 235
271 245
271 255
271 265
271 275
271 285
271 295
271 305
271 315
271 325
261 325
261 325
261 325
261 325
261 325
261 325
261 325
261 325
261 325
261 325
261 325
261 325
261 325
261 325
261 325
251 325
241 325
231 325
221 325
211 325
201 325
191 325
181 325
171 325
161 325
151 325
141 325
131 325
121 325
111 325
101 325
91 325
81 325
71 325
61 325
51 325
41 325
31 325
21 325
21 325
21 325
21 325
21 315
21 315
21 315
21 315
21 315
21 315
21 315
21 315
21 315
21 315
21 315
21 315
21 315
21 315
21 315
21 305
21 295
21 285
21 275
21 265
21 255
21 245
21 235
21 225
21 215
21 205
21 195
21 185
21 175
21 165
21 155
21 145
21 135
21 125
21 115
21 105
21 95
21 85
21 75
21 65
21 55
21 45
21 45
31 45
31 45
31 45
31 45
31 45
31 45
31 45
31 45
31 45
31 45
31 45
31 45
31 45
31 45
31 45
41 45
51 45
61 45
71 45
81 45
91 45
101 45
111 45
121 45
121 45
121 45
121 45
121 45
121 45
121 55
121 55
121 55
121 55
121 55
121 55
121 55
121 55
121 55
121 55
121 55
121 55
121 55
121 55
121 55
121 65
121 75
121 85
121 95
121 105
121 115
121 125
121 135
121 145
121 155
121 165
121 175
121 185
121 195
121 205
121 215
121 225
121 235
121 245
121 255
121 265
121 275
121 285
121 295
121 305
121 315
121 325
121 335
121 345
121 355
121 365
121 375
121 385
121 395
121 405
121 415
121 425
121 435
121 445
121 455
131 455
131 455
131 455
131 455
131 455
131 455
131 455
131 455
131 455
131 455
131 455
131 455
131 455
131 455
131 455
131 455
131 455
141 455
151 455
161 455
171 455
181 455
181 455
191 455
201 455
211 455
221 455
231 455
241 455
251 455
261 455
271 455
281 455
291 455
301 455
311 455
321 455
331 455
341 455
351 455
361 455
371 455
381 455
391 455
401 455
411 455
421 455
431 455
441 455
451 455
461 455
471 455
481 455
491 455
501 455
511 455
521 455
531 455
541 455
551 455
561 455
571 455
581 455
591 455
601 455
611 455
621 455
631 455
641 455
651 455
661 455
671 455
681 455
691 455
701 455
711 455
721 455
731 455
741 455
751 455
761 455
771 455
781 455
781 455
791 455
791 455
791 455
791 455
791 455
791 455
791 445
791 445
791 445
791 445
791 445
791 445
791 445
791 445
791 445
791 445
791 445
791 445
791 445
791 445
791 445
791 445
791 455
791 455
791 455
791 455
791 455
791 455
791 455
791 455
791 455
791 455
791 455
791 455
791 455
791 455
791 455
791 465
791 475
791 485
791 495
791 505
791 515
791 525
791 535
791 545
791 545
791 545
791 545
791 545
791 545
791 545
791 545
791 545
791 545
791 545
791 545
791 545
791 545
791 545
791 545
791 545
791 545
791 545
791 545
791 545
791 545
791 545
791 545
791 545
791 545
791 545
791 545
791 545
791 545
791 545
791 545
791 545
791 545
791 545
791 545
791 545
791 545
791 545
791 545
791 545
791 545
791 545
791 545
791 545
791 545
791 545
